261691
636317
538012
216942
450046
802079
836766
566748
499720
996849
33143
87272
19650
629943
945481
576644
488262
442060
633760
716058
173717
206749
912149
458168
931086
408290
297523
532256
430468
16197
738546
235342
163468
657890
664545
552176
474471
463748
231735
844950
514662
728713
344113
120751
256510
28865
325002
953116
748227
258767
78070
885395
189808
181285
439523
214828
8862
693180
230034
279989
56200
282762
166645
577205
861656
522956
79276
680262
112591
595519
512757
361096
973345
110522
100625
58519
965185
610827
494851
566966
638455
763509
6102
987007
795837
410745
535815
909451
853932
29986
289541
78211
237485
190230
942966
75210
60843
167848
96278
401595
834585
641779
857908
267712
654646
862381
818172
40758
713392
221628
403908
341740
266784
226265
867888
25643
363645
294151
149279
156439
807635
234257
799144
683745
989415
56053
268732
563874
714371
653627
605244
729678
520478
510150
723902
19130
96027
113109
752430
768407
289277
888432
424124
240828
735505
283868
153506
902446
936456
516206
740770
166707
881999
477240
430562
399704
56810
622099
364067
174439
51162
326315
851247
430815
217229
438789
619101
433546
674141
53885
386739
537825
562339
467584
823733
243219
955751
573518
573193
22892
490119
432633
712708
894017
966505
262399
32923
277519
439416
267933
427369
312519
836763
470960
492288
809136
492072
971359
769760
273601
214422
410033
38492
624032
243673
728216
905863
890742
794518
157750
308792
247209
223764
196136
783702
452268
955976
945773
555933
565424
102627
753143
726027
282129
866964
263235
80319
484464
626631
644244
892730
351012
742606
249501
621064
754471
240167
518313
942963
103434
459516
766740
126812
331214
266314
884093
502970
341893
980436
477828
549958
868516
362840
423634
574530
680999
148097
877712
62218
650793
110360
853438
526061
764927
571452
79371
90810
403006
315557
676059
349766
35713
869242
392576
365924
441949
779559
517754
631341
994056
121027
351705
986083
731290
349192
585191
197107
500199
765441
993537
57982
862842
989189
568442
79549
555934
938627
347549
54258
284654
476835
475607
555223
333931
658538
732544
10331
674849
629857
554772
500917
866043
485661
76554
985175
11477
224076
909622
573728
186119
22814
952763
699733
370481
740133
357479
102060
721895
323622
766647
506569
901600
794898
983025
710528
671463
960074
356957
809241
372686
217869
215919
171461
441178
829063
805117
499579
668965
404500
992242
480512
249560
586647
985761
438203
696053
233128
8437
983300
444902
719771
541740
813534
746936
574853
543736
424083
698150
515807
655749
589591
189294
526094
111542
393744
95492
212081
643182
128098
49632
851011
810131
586496
626376
746606
85009
965696
818149
410858
250113
223483
392663
935419
742892
867579
338003
338603
74701
865436
188710
687970
349852
970459
893607
837517
751873
104434
926738
726370
542794
969948
772329
442397
787465
491320
662525
600256
447988
897390
312636
633588
153092
454688
337342
518941
447706
547051
928470
24874
446668
583501
17458
213569
948602
306080
416056
634241
45827
342003
827484
816591
813360
199647
958149
964345
247493
506464
704971
240369
780735
195483
407833
983147
18848
53341
615046
872508
922210
994365
701889
408412
724566
443271
818592
806967
919198
556197
733324
557124
500550
716592
449994
467178
818481
491821
864822
180937
957910
359759
121538
789700
467480
94173
40609
598735
763056
546963
484059
594698
697915
746666
643394
471856
536729
207330
17279
24356
516449
705261
786057
862727
46056
648111
186589
43486
409281
740806
59364
498997
90190
342421
3039
637968
196127
996437
181672
346413
995721
566575
234457
922433
489111
580456
441436
521197
900769
850302
113938
121817
149738
102357
322894
299979
122779
647967
440290
842274
109867
276782
106442
465983
380932
244422
94004
27935
624573
427791
349099
606302
502948
631877
450997
222191
595685
836014
926707
844935
246388
938175
754260
275955
459892
935292
250142
570951
870024
315237
95492
915238
294656
982756
432330
374393
124757
785253
904391
313076
240826
64080
449856
237832
345662
809812
793239
270995
477959
808754
435895
470059
72344
893498
169147
26861
89700
75163
691797
427414
594137
892323
451116
202447
897156
349897
897391
173110
908196
558028
232719
778922
861448
366629
218325
994429
65984
661458
922284
982342
160447
868066
371567
843709
685881
831043
984179
863887
536845
241477
552922
726184
887814
242592
941980
848746
506844
897422
301862
11255
938091
164888
731436
699694
66531
736647
58960
926540
455910
857710
935349
312860
860311
847417
877413
859200
775160
189923
835528
304615
990603
199352
778074
133347
121771
544590
63697
526806
288264
684167
524745
206983
82090
408134
962104
616193
789839
34404
851162
328259
133665
944067
58703
123768
30133
791127
584942
846661
18100
217334
167569
755393
600769
885822
274353
518024
389559
987662
626463
453926
87951
332806
257653
196483
147206
589461
986103
724180
79333
885572
982584
830496
710820
290075
567731
324188
309526
199840
575528
963099
102680
88354
4816
402638
591235
71310
533143
28078
190605
63888
629253
326227
466400
347713
895664
115330
913379
290331
820778
118804
98113
837194
908333
821471
37202
964466
73020
605543
415130
896134
261020
97816
894941
694768
937766
455951
459835
842228
581835
273578
133656
747018
91378
883610
947806
606731
803782
619740
357858
740950
804037
868027
879265
77065
647664
42964
68398
962608
254669
786100
843346
53885
602940
88873
181387
423971
471310
143884
892205
749084
875662
951928
822841
22664
262685
149297
407514
805915
681840
533378
216846
719156
217482
323001
372646
985284
126239
856801
727036
992794
480244
912330
616328
222507
570829
913506
264852
333740
117488
261364
9587
58596
705819
351678
381437
250408
148065
996478
841611
73624
450326
714327
453173
542952
87437
74918
422988
504372
178049
634400
275035
817496
242800
968620
762429
392560
308192
849952
140462
338643
736892
531389
504551
747225
329076
734786
236647
450713
336337
509545
586840
511177
385135
929979
340331
107019
190838
216269
831396
616362
558281
384151
464294
430817
848513
839895
713169
974457
772906
904340
891346
102648
81952
354431
421809
900255
544170
344252
878441
779484
232706
988637
547487
856706
739555
492657
739047
988047
247543
965847
339783
943665
331937
92644
62034
171556
172565
930630
492655
654871
806178
854234
796362
667419
651005
660603
164273
900013
876308
549729
905350
112462
12926
662600
200260
90195
135209
276811
660632
655834
318630
830259
93322
594065
681949
536320
526692
514494
667453
10228
278283
732813
803101
374899
337519
379749
777578
648445
441436
58700
839773
737471
865278
289944
111551
627996
648435
534426
196997
832036
822904
401829
862534
761126
856450
662844
46277
383844
570920
362160
646372
39379
470889
700089
852168
717516
422359
3681
397333
456911
284474
298706
212312
757639
285509
439295
896880
871312
549100
113584
350928
392495
286489
760940
584021
705488
238227
408628
207568
825435
591286
803143
695533
240883
997009
523318
124137
115789
355833
215085
561095
933170
175557
379884
259000
511302
984381
21053
145526
954984
442046
9995
829920
684155
878026
87057
937896
958258
674484
315285
377451
829482
751140
126302
203981
750727
447199
99586
935838
489940
548211
771242
461273
842853
252570
867581
229666
933740
197548
909294
286530
777082
509258
168233
791917
63602
835965
113867
222586
341895
434
706318
218457
575743
217509
37710
790306
730147
466660
316651
533115
809087
778634
750400
508012
603727
770627
792514
436876
748041
774259
10664
678556
735212
498212
565992
703392
590128
903239
922425
410924
972664
94430
535313
819200
82323
326557
318593
52974
210633
562570
145914
157930
374355
12708
569926
410125
102855
617393
654487
466793
322134
287392
547076
176750
800400
629352
742809
712078
632876
4998
53046
803559
503525
895207
583420
667508
898519
498692
450485
321010
932946
619853
646545
762134
11581
99963
626591
237236
260292
474115
136464
972436
178656
767701
987067
44730
981033
16071
635335
942276
468344
232440
303003
58072
547354
402950
183518
391563
833953
460559
798137
264588
823576
286567
578612
648297
666166
651491
546469
52089
335638
135529
183160
956521
548651
953493
122471
787801
507637
906764
279866
340164
236836
133005
546672
168933
363305
458572
472704
176612
145640
456263
381947
990468
363782
639062
59364
580301
640558
464058
994898
180012
259252
75893
690585
986837
864995
721816
368267
24748
794622
435077
975892
825071
884039
631687
748589
300107
906095
122238
924314
206675
992
240028
333115
48877
639123
801165
480273
389929
442821
755405
200865
458855
550429
476
741194
553551
260247
887536
176262
513763
200973
796706
480862
277974
915180
417730
449933
186021
798914
295288
480156
150455
971954
726648
474409
872719
383880
392388
185708
308762
629190
987338
720334
20844
639154
645157
249310
333870
942085
776153
479470
413020
798326
383306
48246
619981
483845
96188
948535
545757
489096
28993
485303
934385
996427
527640
478135
459306
915454
747348
270784
737214
904429
724415
447404
922535
437696
618983
272355
704777
401049
179545
903996
58368
101529
226165
818927
583737
481916
386303
740497
122271
710078
887157
776901
868451
242506
794874
158228
407716
665096
294494
304718
399385
944358
341821
788855
302668
91981
67897
657949
313538
555423
28863
626643
429412
355682
501058
682136
826965
706377
587709
366480
114996
126887
180198
573934
90234
584416
681437
625204
632326
636045
926557
449050
378910
140636
504212
580334
33036
434527
864161
743834
245997
536003
476574
632748
379583
364597
395114
170878
221806
217872
826244
525790
839319
237303
538386
442143
811741
838831
828048
730861
135631
646145
673687
760457
45072
820822
249767
819675
531307
959436
931089
517606
831528
352273
324968
586751
22354
794592
602973
696764
446913
685582
717953
953297
117326
423386
199130
530995
170070
738328
387973
272178
230650
92342
580997
194422
453663
209248
350598
514973
677138
260253
990317
285933
203319
856989
838558
681925
334723
20676
978917
984271
831336
940065
466037
694481
226342
499303
857309
108358
597912
892057
384788
721942
484941
758500
665833
843932
648228
928823
85279
227367
413971
773769
864641
267492
213109
747665
42390
216186
514036
350251
112689
535114
592537
359464
23623
812336
725046
61862
512617
807160
503499
980352
637081
961217
983856
24246
867886
453893
337992
851791
81457
432258
265446
177175
942060
665244
306996
391973
929806
906043
187595
575128
602987
202314
98366
125199
994114
953703
166847
858439
316493
432656
115558
186936
24957
104120
311467
706844
320256
963358
487901
572503
974401
816531
484937
34118
572102
349496
253067
790532
120384
980379
771419
581930
459334
777506
742634
137533
955201
378996
945230
111206
109995
116228
906840
332553
921543
243367
34797
328868
910041
377230
436429
797689
585560
169217
549757
471125
654692
687880
82777
93158
330971
655752
288802
763521
928396
820406
336011
901129
849185
266089
223184
187812
182535
511238
520566
871764
130504
516824
678703
251705
168381
220083
97033
628572
5449
792970
229386
356346
309238
814157
466816
995695
956385
80727
666087
701101
636803
294039
788306
706508
747607
605661
56697
32363
579384
209415
885790
892153
667862
58257
55367
615359
889399
665277
233432
257215
441644
720508
421400
961699
1531
964031
600512
625367
667574
483980
458170
531153
216249
990115
89384
404227
2751
244352
165376
9758
359914
884015
199189
645314
671900
222440
443328
363264
42422
149845
778217
239624
190860
676774
668989
533262
147885
79564
433681
761059
163690
247036
862962
228717
753270
259024
931238
717565
556979
312289
526134
144149
194622
221406
784200
355323
198527
73504
664140
853628
119744
582396
505841
588304
560002
288662
534917
535332
266764
550353
540627
53842
877613
950560
796843
244559
869406
256684
639080
510548
907665
885608
387125
647311
117453
199998
855316
474951
692886
166396
561460
284651
636673
773893
756595
304381
158092
338484
154737
602592
677475
697197
957635
653513
45403
641631
753518
201515
962005
340257
876632
799670
433900
985165
416852
243596
778814
550242
475275
485151
165975
750826
76548
411344
601333
143871
365501
704847
69911
705752
166843
628519
753781
4955
764365
812295
77292
737053
728212
349468
279819
176955
629615
503818
156525
97020
889550
111702
83692
535359
151
544548
959956
316206
186292
435442
480682
534984
955704
879488
366154
99566
927069
546583
18854
196547
472508
101639
882595
902384
951336
758610
819603
781553
94947
643241
545190
222506
832912
515970
350604
952928
161866
330954
27877
481999
724334
117616
57220
134553
531759
699930
976156
766414
681699
124365
42562
77476
640896
516207
465573
482355
182750
861697
641419
468657
902798
972962
109402
584364
393384
394715
684668
570225
217506
608372
681828
268589
350183
949241
251592
464336
602610
499298
397637
245469
829662
590829
374293
552315
255344
28243
430404
873911
904516
764394
435967
912782
240219
235781
77624
816867
69531
593918
156735
114275
516065
966766
807931
441036
255844
518380
94026
629497
982524
115516
45885
210686
974874
355471
626870
519445
399581
125444
71129
929746
45571
149542
146978
397900
56009
334768
320442
421328
299151
336371
717459
773158
195349
727771
364076
672167
512280
585110
293974
528891
170174
994872
507701
671407
41982
212911
185160
860982
1244
153493
713012
891242
533830
313708
825876
47993
626123
966069
175185
804107
579703
593397
52444
513867
636864
616679
482136
345215
83883
954099
385952
515195
713694
216413
473554
517865
814100
601366
554401
616895
691877
578965
485638
818149
36489
134713
953096
657718
77845
463060
10887
660038
588724
623595
993443
3749
368334
208799
668569
658175
114695
153235
182227
282170
740351
693739
944154
422728
804325
266381
887031
533372
181027
438890
676523
790962
728006
806235
635643
158735
715282
862345
818648
335466
658196
114479
62949
643523
144786
193036
31883
467759
930529
677434
255841
695621
481136
379594
184087
771546
276242
505705
487788
421971
548492
631501
455418
688942
384637
513703
502402
527330
514726
620246
812754
60520
40443
743229
818041
617467
53722
885438
278816
381431
140397
410658
563399
59584
599995
709489
897883
759763
870960
572640
753591
500618
346868
931522
698829
15571
222401
988723
4847
160379
17420
995323
247559
811875
478033
547995
175542
857288
510861
643029
746729
231652
9301
624231
421855
504103
87637
681161
713559
256768
472823
162215
815331
819315
843870
637457
264362
43785
588783
688203
148982
881314
836821
462057
611369
231048
431465
630263
549496
94291
459746
612169
805335
68637
338306
309527
636993
409979
769734
937242
977573
871943
175890
714150
859864
954093
531758
919656
114969
138094
129792
908263
434914
443097
617833
350343
684251
205090
890642
62718
137453
339540
385794
73408
169447
478566
789027
591922
833908
357794
780961
593275
20046
672200
577071
906427
982028
330025
31310
149565
292908
281503
661558
298216
77231
791490
236627
730258
443229
60329
861542
227159
877896
667362
485510
463394
353115
721158
252070
521733
378351
247954
111603
91085
520279
222987
119569
739290
248264
834442
761333
787469
600025
197301
672054
712596
779738
540117
874773
725304
260733
891312
687663
131571
567812
709682
137897
738504
41532
791133
75047
19335
256574
429581
765087
541331
52463
210788
371008
847193
179084
56874
571929
73316
486616
226879
659119
309025
703676
696137
51489
894355
35117
193010
883816
271179
16366
726435
439333
466642
263967
128184
520024
451260
190494
393702
955307
73664
19441
686942
994407
744577
38537
533722
10245
281181
60040
663205
687082
100363
93954
642790
440345
520057
154850
528974
671670
33842
104339
37222
498236
58051
469513
545274
434947
351848
945214
150174
91048
306175
890910
549613
588167
9684
524214
838931
938187
170303
581510
450592
384628
537257
829056
58341
535422
477038
546515
889338
780281
792718
878740
572307
194219
914765
538788
132809
287677
207197
648522
374162
53966
4774
378348
249828
532043
14334
158408
44480
121493
254631
252958
694524
341108
921360
119972
523098
248724
742959
209287
336638
530063
424419
309809
291415
664863
896551
898862
379403
439625
514925
984446
264484
187812
570932
917749
812563
985538
664255
716858
968784
212449
621691
518126
445263
148349
267867
714987
647717
410189
588804
831464
177821
706635
936101
615849
674092
813011
836155
660219
582207
780073
267496
401792
105849
73422
236904
108709
977367
696694
708300
582271
238200
444462
503825
50305
788680
944176
475807
891335
352891
527450
304024
688256
649575
758705
277375
855767
424774
122815
299498
261731
948808
572685
240981
702015
638839
767028
792211
650983
182755
499247
608008
674773
289227
204108
993366
922978
101115
826170
490296
13753
228598
617109
251856
686057
529011
298858
220407
470326
76667
654275
539294
764977
192929
66042
664076
730830
139167
356637
691948
329332
20956
449654
24965
480230
50332
713953
618710
695650
841068
563587
2485
347826
836029
134343
2611
858099
851284
649480
856305
804893
334765
883485
303038
547775
475247
29823
381907
707462
150493
115663
805936
910923
807494
501489
38914
459931
372864
478664
116557
326812
542136
14511
650171
60179
902740
64031
873078
171940
933203
107047
895015
19918
766443
697187
944310
529185
911289
189273
503508
321493
474415
789985
646274
806869
371744
162485
255262
947717
168527
956269
728116
764513
30694
291665
108650
195501
584189
538201
143762
347822
396041
148647
11768
828272
238554
308792
812936
209612
553516
669180
785235
682123
964793
186586
469653
740093
27793
725567
709630
660489
816896
330780
234567
154403
27615
565790
800308
134868
63457
649052
847115
540252
717735
239169
877185
542183
731297
125388
958889
522488
312037
875237
253387
442102
305585
252184
650436
654394
941730
60583
744326
755829
492949
698552
649865
152275
454016
85585
104398
265665
870205
68949
307469
414199
747019
805733
569479
463425
265765
756606
536765
129845
287788
603554
686471
523968
382779
388046
539933
298278
257310
20647
769082
99369
539052
594474
159235
664174
362762
884422
439993
932234
276696
893739
976700
972394
765205
438080
194855
861727
387154
583651
824385
62762
451987
285003
239140
592473
168385
366244
924271
943466
954588
49848
553951
381937
241776
361001
469860
67637
151959
76943
858570
953753
895965
734117
211030
954159
228485
208859
795038
618537
595258
744977
433003
852970
172008
597178
468422
383473
422758
421931
669766
572079
851126
269273
941216
801527
583890
465217
326605
19435
321569
725033
505161
791970
100962
862376
835246
319255
782888
937433
53909
294984
42473
885987
459113
926780
469750
638504
80550
868032
638009
27207
229894
738362
866114
39636
990528
596241
594069
597090
673328
571285
317836
121099
88401
501438
386189
863809
578896
125723
587351
353833
817898
181404
94215
352145
172728
980349
290739
454823
967923
646933
982297
615750
134357
266125
974055
152106
363942
540798
997849
550545
982354
559475
462690
801166
512439
465052
653551
550690
351307
247519
887206
948677
988061
526523
601895
943770
730798
258877
247081
361605
395581
776322
944866
554589
666340
633663
648200
27847
64284
618981
929767
311375
523553
226278
775543
113449
811723
351148
670028
852010
943811
689815
892664
337649
605199
646082
225282
31314
675192
476905
345994
193660
130060
961805
915189
238876
371278
534744
671983
892753
791455
475065
111883
555017
307856
991696
58267
582848
140025
504049
708860
236918
7804
449085
703795
985024
993217
10060
469340
15442
579962
910886
517997
794470
390817
983926
216210
485186
513318
492733
389175
402081
886068
642355
411348
293335
11165
537157
644042
652679
430847
800687
387964
898864
468270
638613
110356
681605
796296
503353
369346
976647
708682
830822
505857
681413
835415
830889
890590
220334
877080
952646
954953
193029
563142
928517
937323
874647
325857
934861
256398
286677
978572
189459
210863
55715
448417
102448
67347
872100
641031
592408
768184
724566
638632
663343
200193
846348
853116
452914
197102
40185
460059
920094
822698
446076
592170
818762
607834
820865
20761
201786
125730
777129
315297
80302
10212
934798
584533
743460
323300
1891
878074
867412
963602
603208
495371
234537
424747
879058
560989
1878
180946
766423
405782
61622
164323
260036
229521
903682
200014
297651
440186
803577
181878
645588
6640
897755
298702
121132
823398
424723
388436
284756
819596
425035
442647
657743
70716
389583
454743
249125
575894
233475
723625
195502
687141
784997
491877
918188
717439
820044
231700
137324
301894
549374
690804
427972
76596
841709
794917
389140
795691
331337
679497
15028
186802
674627
450765
906774
144531
84390
456980
985530
969494
383692
207252
835731
726121
500161
150021
787590
303799
885594
39725
197424
230857
283654
132457
287375
216934
505662
603804
776518
303427
860117
317834
773480
915356
838053
606433
79207
896530
595008
239239
132086
352481
681441
267069
416370
35581
769548
244892
267942
789309
140878
767752
915855
292915
919034
697818
369235
780304
256086
240991
237038
329671
312389
384738
130530
904733
465849
886031
937892
347614
369087
258740
663049
639911
972125
86513
312010
959964
202711
275592
748195
596566
721090
745684
948231
41903
49565
933804
156605
206803
212336
211484
56679
220508
96984
325969
844123
755374
366903
783713
410299
642693
743216
380354
244558
945992
127055
569641
890347
760506
268612
58667
18602
210644
678085
600269
890342
757104
310364
474064
820067
510637
793898
587110
85652
682981
814521
254529
495218
605975
789174
857897
407106
724042
824531
555793
345504
344657
87032
167474
616037
626923
448720
508583
369952
479282
329531
538243
999433
259261
226546
196238
302343
89134
451689
469027
116395
542229
954880
516338
456118
930308
338316
712583
803048
668134
499755
725401
82632
896090
34335
578707
820033
564198
859158
250308
265978
426136
466440
456028
252605
410174
662395
67762
878286
794617
315829
506196
590372
432304
872552
939988
692727
249135
36152
451477
685439
26505
817492
912221
698035
746983
399658
975223
227630
229896
500899
727723
86508
905803
346953
330094
906003
52317
597779
291997
918945
638259
326498
30408
668815
63442
977738
850385
645093
891980
368831
293578
991725
751000
424177
677381
188242
912750
730363
407544
408187
462868
58038
375908
676279
584085
584766
681866
129285
973437
583929
922241
911162
603954
2748
14474
825708
140442
95868
229955
88287
567835
557691
566718
292541
563431
48371
746559
987875
969127
993639
5077
5574
967246
847904
499134
25262
648797
694078
635323
773530
540429
785440
218023
27465
39042
187505
171297
398048
786915
436258
151783
479442
190841
122571
494663
343719
287569
522319
734203
982432
248609
356781
966547
994667
27713
350831
935172
648125
325643
462905
130333
233532
613387
282403
333398
354537
16513
414802
351918
299606
284423
605103
743646
440342
255182
38189
605593
89149
269947
27035
339241
912555
704808
987745
63081
878983
513442
209499
294636
134192
955146
605799
350069
877006
138661
746937
835822
175510
9033
522668
405314
760714
450147
133914
105372
493400
169974
147784
964206
301574
779428
444281
190072
426237
172550
741873
459619
850158
142264
928171
393508
676548
314881
39698
484481
716787
998444
86457
25659
829496
253213
969701
955386
651576
139350
810024
443416
811790
913779
777899
559694
186799
931969
38803
742881
600318
789221
208859
432491
273695
712502
546013
691580
36814
34708
130389
742796
100739
731661
887063
793898
775960
583586
216185
955000
853106
46207
402337
584121
412657
105272
907200
909377
333750
66338
204166
113415
827508
424119
152556
562570
312065
501029
277592
315612
322376
371282
324934
177164
913963
792163
897737
696964
913489
720120
936155
690794
130447
756217
375369
396265
502025
24528
165497
463435
793523
742824
988616
433889
313139
346981
751558
498438
788759
842086
416817
470929
635650
952698
235212
8313
503541
254324
952230
126638
616861
34607
316748
963197
523198
760535
130944
867097
869088
832596
574554
115495
922918
712639
90843
762481
62264
55237
196598
586463
258025
573696
788431
693912
321025
844141
204875
52707
411473
399839
793021
547486
615337
987156
910158
710470
874881
891566
70281
448830
992024
216424
56967
103495
696098
536526
373808
58318
584748
855603
167237
306913
97038
486434
208649
61233
721102
53292
833254
602763
298424
74397
567336
923390
813606
860947
427572
894549
713514
86280
817570
190737
550830
332357
918961
561894
187922
497187
545430
315689
648582
795668
958550
325580
609586
299189
106750
296125
910620
511412
575118
605951
633870
589257
714731
363741
481345
628369
908435
16058
974445
964111
755365
324621
390712
731003
515160
804501
283326
583328
356965
661859
56421
857009
691911
514129
855878
696719
463313
207150
233179
220478
917921
411602
742476
882250
429249
201609
659424
999754
266430
691118
775943
174390
153394
515830
981497
113465
837959
990371
504557
581700
414268
199971
264802
503739
306779
554278
456456
724488
994481
289504
125562
558548
394830
783065
488025
8958
479333
702688
53621
657536
579431
887464
350537
693894
978038
508178
474043
564725
221898
554248
802756
981699
211607
451263
707343
202223
857571
469869
300142
562562
257291
959575
861631
701397
470229
893274
108254
235193
677849
694924
994967
202548
557507
458338
644707
600129
400567
424106
520582
615623
744722
141519
822109
696031
769163
679962
215780
73944
144478
437822
104163
671695
708221
260902
381293
181466
804558
575882
798934
409088
988846
791686
439827
724745
58078
892244
961829
177209
240562
535688
898900
387930
338964
559223
235526
125905
395957
337369
399624
759677
332524
843766
901934
147789
957986
168219
335554
29806
340829
193894
910251
255427
142284
282901
287532
271722
390740
55354
186285
115155
488741
296441
415785
55128
618109
810679
963769
875230
714906
279387
474111
127680
387243
445724
623544
774250
388172
921194
985517
390441
494269
133816
152952
642923
673338
395412
362072
858822
346651
457342
150821
660398
145530
618273
369514
989846
59975
614880
818767
240823
305737
505098
299766
407085
325203
220876
670778
710963
243652
897402
44871
204195
452496
263670
459195
577086
946766
706786
193718
778542
147237
304400
792094
744515
264353
163208
607859
80633
45727
945145
280498
688352
468038
18569
485142
432998
74489
982968
447839
300930
111398
384238
732886
487264
940720
666273
789615
787415
486506
424082
965396
275110
763124
698101
663235
945249
896638
136677
259967
949945
939921
352167
93600
15901
711709
644170
228936
181744
1432
118023
408332
872728
31016
933869
108669
977788
965229
360933
963122
967939
236326
452173
988918
769058
905066
339558
202949
344702
273074
703594
817894
72315
416583
566595
528614
881151
430303
468917
329378
298784
988858
703493
717602
473131
7921
175938
54466
432936
854016
451569
449687
41736
768386
166156
581255
910500
632817
586933
323031
945444
935526
774354
869079
750502
932571
767856
49012
233361
130418
713039
179839
871332
118709
757718
693211
562897
570354
571065
262584
276043
374997
909018
40477
293776
931771
653347
73997
117431
831200
733400
938925
387718
573575
661594
295120
996253
416208
519194
633303
216947
23299
658829
727075
450958
844092
992792
401268
632442
372233
113165
956628
523525
508378
658403
241891
848194
312517
609199
830818
919218
779830
886998
324928
913696
378596
248442
535638
620667
53840
618012
928698
935654
459847
941183
46076
467451
210139
917502
725576
358777
527766
388190
754989
639620
386426
329398
964173
355439
942470
629280
516815
908272
849769
682314
60416
136332
965530
510118
251368
432068
635573
375428
706611
193247
153820
407330
518800
239721
146042
627559
521169
891069
787645
386024
196063
104987
922149
935728
462116
840851
762072
922519
233629
545511
412672
939942
108849
607338
729067
931427
849763
714106
259478
28580
390595
201349
173193
765964
418199
899258
181063
462583
3660
699476
234374
880751
998192
621989
120606
819448
850448
463425
494413
836036
962571
546231
946696
503597
829374
983207
677276
132592
146799
897499
684633
212732
627743
556307
463795
412122
587578
742192
923659
657443
26763
716871
379055
534772
181735
673465
542809
285746
225015
776774
765
128062
153218
57281
929111
23454
653933
104730
559321
150621
100928
937952
722767
322571
280892
459223
588684
309523
580036
965660
960456
709730
77862
27560
122726
290376
215787
238919
982587
768123
507418
167669
814155
975654
937212
7137
301907
503354
225945
483113
194279
893608
348077
421329
748984
20573
568896
188478
250258
102869
576906
754044
243776
494108
23173
679707
679362
623916
601552
498878
440505
702117
503894
920569
822142
193974
132704
674956
429247
847258
679451
652908
719342
29644
689006
774726
194064
770423
986550
410281
973188
143573
399427
873212
907220
261221
337033
613175
871049
848036
728541
893166
920656
549383
499549
15290
184213
247641
828585
154921
371066
849022
670793
451258
252871
613479
895457
948132
740770
861588
588279
228763
120592
832469
795063
929733
326867
361895
242463
287590
871505
948006
862004
477294
586420
644647
906938
706337
161643
988899
46574
855937
952650
866064
174087
307328
379878
869699
591320
954494
592333
238724
392078
856243
648124
845449
425304
352142
179632
667080
170666
766939
898813
907945
585489
741445
146932
33835
394505
989059
699058
612730
266241
22007
585666
101499
511766
909828
589954
369189
259396
798992
623727
536434
420512
825979
737021
570221
530535
33251
374937
395365
871907
725950
290911
275579
691234
990606
593820
814346
36192
559470
930240
951120
751062
412010
98088
543097
840569
570263
358650
83557
898024
960327
256794
785418
474286
657398
427503
857489
387803
909883
59163
190008
782073
484323
325531
668845
193351
774575
971689
822515
478373
382649
643276
666066
452114
206545
383752
442057
522440
459318
489009
872110
236766
154153
586786
41319
116409
653468
976551
699668
505862
50872
23489
179257
235273
64789
873466
99328
261329
803396
769437
637147
154644
147399
209274
340679
255979
618046
74228
655281
150970
175066
241916
148758
490497
766749
534487
413675
662839
623828
894112
146157
230892
483458
398772
999531
452480
416086
847283
98288
413328
172526
331037
528968
741088
447205
222616
933526
433702
731086
70386
287569
642589
701268
132947
608076
47530
375181
327602
319552
919002
932148
202027
251900
23909
804180
564542
316393
777169
439917
391727
183306
260050
155743
656675
922032
655173
620320
727022
487537
760219
923811
96065
442077
987800
929330
781310
690415
855406
329214
563909
947158
916970
349301
868210
294698
1920
715665
681851
404468
668766
205582
554096
661210
604340
412217
878232
421908
649384
45781
356017
417556
311805
595298
21155
253851
453915
23150
990315
536848
970819
640781
448298
423914
961411
998278
39840
416143
899995
934078
143425
357218
787559
16153
758472
635587
706123
575540
938916
719644
162784
224695
522568
228675
823107
725701
742761
444920
323400
927347
501121
925287
850630
539000
949508
510897
914145
437548
837903
821759
541682
381629
370639
971135
716477
882074
786286
173702
564628
598303
584918
490183
291773
456894
398067
833604
545921
333643
511304
948324
524623
405045
467176
838601
870259
317340
964760
211918
520803
232682
327347
703299
143875
147842
25072
829728
898214
533739
483177
33618
853381
49111
611923
145942
558643
804058
841769
739994
511710
236336
188240
717091
143093
258896
124435
539384
79398
853718
614565
935207
345722
255755
999120
237539
695130
715018
605844
275339
722750
547975
847598
542312
3465
36838
68127
788106
71839
166617
76228
403244
247235
954285
711888
423067
951835
920792
552505
345156
917815
318465
701578
725437
769067
184441
866305
663790
965316
112153
206065
545419
922959
867175
59140
541638
772332
188050
208397
45663
403330
396208
446104
756767
280832
278467
19310
485630
507054
755926
701373
476905
863069
635886
82709
216855
170721
548090
517033
3406
844636
191604
119456
979054
555017
579090
489474
926649
364517
820945
896051
978827
271531
950615
105216
59175
772103
498575
996820
956001
164584
731649
731776
180136
468803
78382
619465
738526
801108
999946
802109
728606
782752
449909
572277
970090
278622
236964
418459
759201
526414
32910
659006
992182
950754
205603
877477
598213
877066
418053
831159
423636
162163
209400
662797
417716
592653
820050
581693
474470
320262
97807
412163
792601
61602
228218
895958
696402
458374
664095
66250
499095
364663
876978
735365
938193
200876
202616
879875
24499
830283
916655
849554
802470
371735
815330
570577
952837
837975
149717
237267
868716
599525
421361
400262
944409
67303
461622
891072
136781
681130
591514
294669
224635
217461
798693
656959
961042
171871
91394
23440
932782
649486
496324
580532
916343
464989
611399
917047
763932
950287
415449
381546
412082
20191
82124
219260
186648
397108
466197
719255
237930
836118
709514
144441
771112
255150
452728
18410
377536
790433
628770
24537
886004
366357
7190
891042
994296
229213
510261
129706
124456
974116
98365
666466
322375
17770
826315
659850
564107
325332
129632
629547
111352
921081
122415
913624
858940
6336
534446
662358
266927
548366
627160
451488
806753
445356
145077
379016
804252
620872
288927
273703
268391
378268
797992
824456
219011
835033
785228
56547
491053
7215
639581
823007
666957
923181
721541
39805
537931
100050
384794
681176
264720
175266
575166
278235
586830
211861
223569
166548
655364
965583
11619
145713
185768
760805
623740
777292
284179
217487
441397
635799
882178
843204
792025
434040
777151
244352
237480
972424
556349
262257
237075
4441
717269
948168
555665
169882
184690
906970
418490
142750
338379
522202
730904
715890
841397
336919
257906
892213
132678
815871
229361
365183
777978
447938
798459
634516
828035
993269
845843
464343
705207
725538
853435
174422
318083
782831
381651
114026
396450
119508
36488
329381
164194
322216
308214
346748
951771
944065
626881
283577
726075
44199
774494
510095
897546
134812
381214
860767
72710
117448
885550
457248
676275
714977
907827
829297
207664
965776
555072
311363
773283
430080
588934
641344
698627
258799
838847
396004
577205
206811
594386
527989
729050
750381
640572
380854
500735
835107
595545
390957
87859
187113
499297
609558
244929
325566
882000
342451
255372
279870
638531
926442
956220
827973
782186
271837
570553
360352
66348
705898
455622
450611
639103
79191
607608
447406
261211
3932
9305
332538
314547
798795
374193
969099
399218
675639
862971
835099
247077
795785
216203
545874
536925
84979
435349
677285
506784
687312
73641
550509
854178
738494
354003
198230
729067
527019
184074
177518
15990
420694
260548
702241
61080
738871
116547
304414
361145
8998
82445
238937
808796
976874
251141
916500
976636
814311
261498
868737
889689
189820
505409
972051
204289
799490
479687
428047
741289
840662
268582
551578
463655
757054
415692
505774
191901
7279
400491
861675
173321
893028
196900
479130
32332
79535
160985
826612
447833
518752
12920
858839
938750
338283
796091
396174
267872
842635
396435
359129
458361
980407
201904
396937
247086
928847
496865
759200
264443
764286
620837
708733
951890
784561
185582
256754
520969
175651
898462
271485
68049
80731
118625
798128
428210
210371
256112
176255
763116
959988
495432
831611
499416
352530
931913
601552
115373
569637
485879
645609
19882
203252
670598
865948
796706
474758
263738
677726
563246
575331
661093
61873
996181
592189
832813
541197
170205
410026
795358
514112
78613
996398
221999
937951
209252
165433
154166
920401
768386
84672
761760
752150
627573
629175
28465
21093
254960
745185
636077
968617
145355
17920
630039
603389
961409
953854
563406
236617
948135
100008
148358
116552
746885
466108
707339
375381
908947
562468
163687
286533
609969
313405
389243
633293
983294
621989
280232
23168
801104
461517
798484
661101
372329
652111
34243
130853
301797
630781
763562
625619
577960
197287
568540
619055
591835
757685
625079
7538
375343
928507
249771
39003
611331
293475
696399
890391
370317
207304
966657
669821
160090
567371
725024
319628
294260
85366
880191
277153
342133
233550
348979
380461
267397
24513
477527
433993
700815
572919
780161
13489
310075
621659
8863
547893
454924
987408
616676
649195
490594
395051
934539
805601
94836
697758
702981
254565
899223
883084
829461
517466
912017
867183
457929
578203
747729
516566
226256
259287
172055
872145
614192
302308
478050
314653
792995
742175
868617
898330
805436
137356
162728
259202
861442
969437
515763
669568
480070
834560
135891
26922
408201
843523
799262
110867
781768
717980
588248
222067
145918
168180
873842
319825
372084
435334
154337
281228
382532
447845
905272
633335
341204
724592
300413
568499
461042
764031
860137
15316
147003
345269
360672
732744
37380
894074
290762
880777
895448
700015
59622
423411
229135
768207
617181
28742
951324
114970
568966
756690
347782
25276
224415
149646
509291
2416
411183
437075
206491
311402
545106
285067
617575
365685
674616
500162
147710
18489
315299
174034
820892
284063
130639
105417
367377
125312
573277
890215
380672
767842
969247
140273
534754
365108
189883
54495
837248
830605
116444
753183
779778
868148
186998
640071
640309
263181
401926
37231
348150
180877
873819
282870
206787
783640
160296
520709
51855
473616
616920
457173
601555
186294
162404
146466
854192
17195
355471
552850
517531
673640
87326
638775
603523
937019
154408
42265
166395
196869
885834
964837
641755
327011
61168
668910
776046
682652
523047
972832
402957
406520
850874
21407
791447
749944
151274
383853
704177
336444
707749
470401
414154
723405
291433
676527
772719
127414
415672
621250
924394
20510
786847
376101
580881
67580
746737
45810
961585
951926
599330
763524
197432
40838
168942
907134
798503
327587
786759
905129
657414
12674
566299
116811
663349
387225
211121
929327
515178
675016
78264
346754
478221
600521
351266
400058
981614
818693
395819
59339
317197
148497
840473
825129
718242
587081
274614
568240
237609
197222
404719
848251
608226
509161
950936
713565
416918
923070
337400
268917
134439
816628
527766
543781
632709
838195
929322
776009
510733
281453
478864
771879
681985
688725
756457
524769
378730
770195
730434
288509
782504
720298
835328
418619
277247
260094
846682
860743
23147
292757
568528
309582
639233
693245
80256
947745
602217
401216
283817
134250
764146
254118
68348
26725
332994
858264
900721
559906
813175
621568
571164
202065
441160
766727
696283
35081
433992
834631
591796
605969
503381
958151
849220
493656
811136
536562
731004
594335
985674
269578
794417
46363
195206
2001
966888
470865
464825
291837
729385
16788
758273
537904
949401
229904
166742
967757
506239
776488
751511
515915
597681
422419
246356
600111
989812
207139
978302
122897
427835
691452
636771
623827
36282
499262
843098
61598
76963
999167
992176
764454
623329
231375
628336
461675
662297
976072
255767
252497
905518
471063
652314
440574
681821
372878
575648
449773
294987
582532
440470
397946
623281
246640
93649
351494
994883
728875
326646
316338
927550
910259
972548
332503
831290
314361
184562
672655
473575
348983
241459
135613
756763
315866
699111
167968
957763
327038
852417
617462
33718
127346
567169
604759
538714
633922
230768
83713
439475
932478
428719
784324
951668
964822
124792
368701
986705
714317
631265
933338
313457
153349
798758
227802
933851
382164
279954
879794
609784
390171
318100
855451
259978
898840
587768
229199
562869
271490
245466
823583
501476
372206
434086
673476
184556
870467
416313
702580
19005
604647
967610
72596
680668
493596
158659
835778
179703
21818
881314
373524
492510
25961
805970
230610
369248
70694
972683
135404
165938
680933
497198
88411
563579
843588
8751
130317
270182
455773
650449
387964
825855
492937
646278
694896
733324
730131
99583
70349
186778
232668
596440
865918
61787
157218
334346
479020
468906
471675
298243
872325
753313
148277
331562
59195
36627
785096
773326
721764
122085
350652
331832
20782
522637
391606
322276
754029
443005
866631
482589
969175
650444
679773
19087
844287
500524
928797
321461
852709
94095
963187
576648
388375
234413
897555
374501
437994
653808
733477
110824
46465
432867
89014
510602
754168
44039
905392
375527
452751
913796
458972
890875
521335
975751
774191
218675
381869
985592
460670
694729
459412
431489
400263
576
714051
116779
646400
671291
755074
447856
431723
443351
432066
226337
679709
196532
525591
395230
307557
758866
903550
57839
313053
515177
854485
975377
815442
829198
160767
703403
944789
653901
67882
189307
334770
53345
825830
84908
659731
372553
173013
596179
273895
128767
752498
489011
960012
861638
250225
946092
617345
793984
690803
646027
718288
526269
921250
80212
717695
60202
411515
86126
652526
872118
836858
319927
516377
217314
62541
898271
831867
854391
98431
977432
138918
291408
480939
328598
625298
536819
152294
669345
280605
392171
288175
114633
543312
483006
11245
644402
547998
942860
329833
743685
804061
124982
372142
592489
280943
999722
160144
598117
403057
481083
154736
710717
444072
688846
59069
93846
748669
500485
922594
387185
289713
446800
168466
168083
313865
272138
866062
590863
600966
86851
806208
781912
215728
259777
713391
180394
119598
915257
900541
154892
305189
186470
738048
149981
269334
285354
835241
796904
106608
102121
368292
79650
124410
872922
987684
961097
503518
729019
743035
45322
878640
799958
694944
531520
536591
26028
214443
94669
482211
674380
566756
746855
599554
804076
423393
353105
721976
517079
493171
325029
665972
364372
380749
181084
524985
670524
407815
97884
868783
997991
486886
70135
483599
478614
94738
857734
778923
304598
634593
91835
530501
93321
936290
977987
631437
415334
340447
111031
741106
876624
788805
364659
841438
256592
997356
217419
698826
119395
392037
738810
733219
448177
407475
894037
692657
495155
781308
940456
613903
667279
336293
834798
37746
360738
998345
676479
354806
909587
649796
571967
247713
461762
491979
461594
535626
513263
282554
757521
484099
456538
548235
741522
81060
208669
276462
535944
593948
776437
24712
39315
472849
885761
842221
550087
8363
236612
679067
734463
968883
384004
247103
141748
775306
246272
867511
956865
128015
769027
879150
286545
447635
967880
577061
117827
360191
913438
197410
474722
301842
676658
580218
720378
154173
946722
126423
459536
943385
803839
330969
493540
205098
427542
897411
132668
987529
138401
901135
497102
771447
596343
191610
779905
547080
8920
651862
306253
1189
640092
285273
294173
787499
720557
100990
582443
694329
113682
701825
125007
474041
196817
405263
721740
717902
515298
100893
895049
606554
676927
128050
526452
966977
761427
679392
401140
297642
477455
467398
480226
709384
105249
75108
792003
292245
219611
912881
250767
443371
597451
37818
382785
4241
34779
414726
601710
603879
451634
864260
921813
614457
352390
401518
705314
411059
102519
840250
388509
465437
468748
31557
137622
933654
179684
462515
672137
249001
935133
552650
255710
929100
359917
57801
767489
432615
474472
813557
508025
693987
808005
250827
277649
429490
313731
509559
555098
942530
762840
768892
673833
417432
778886
527063
104146
287395
269921
671310
305692
848787
981033
151218
265212
977888
922123
845162
262523
242709
175868
847333
927739
441123
816224
720180
876370
141750
387858
492181
761259
404811
534471
826296
437
589832
266726
529871
555468
776147
324581
524093
633964
654759
862230
571377
540166
870999
673618
956184
257739
663802
796479
287175
573115
710469
124609
104603
852524
55819
781445
869536
360558
412329
617785
295072
265803
633378
744672
814718
108021
859350
459802
74883
394620
811962
516739
415942
472729
909171
319638
100145
123408
204532
657340
334451
651691
984854
246958
959765
233176
12241
475958
815948
42939
403120
235294
73085
147624
494659
439304
362336
414854
608265
473064
670421
435153
44074
866207
350868
60181
242038
535973
995383
850321
352661
199413
437044
432667
901537
267279
408861
859892
965030
999449
955995
617427
657166
879996
755409
247579
983050
178255
278991
515616
395308
179343
420439
163925
982146
852433
812127
875659
809218
383164
282416
187772
273710
90362
230219
236936
691662
397383
211099
502804
421771
142269
178670
408280
803774
519271
67283
279869
774554
516468
40289
734431
384974
230700
159595
276601
854586
246452
182934
908542
388257
665836
589159
588501
274340
203443
713695
423571
556548
393555
539284
340552
785497
249846
942446
489743
242274
26621
117131
26256
457100
249586
240146
186759
395554
131254
713971
9615
941261
772782
46729
224909
712902
915922
258322
131085
3223
262936
642544
652996
799777
279751
431185
13153
214161
414796
491941
475207
739116
659037
777044
946976
462788
20877
624398
26691
689305
459874
20147
642552
164795
522736
418227
157757
552965
428842
40004
645371
415430
675932
991827
417748
921031
300170
574648
76407
579938
973650
838300
831055
936613
753890
7821
520090
428493
351840
680178
282381
364931
709386
99070
50465
77104
335883
672017
221705
598352
256328
736684
837583
332613
125504
223635
996515
164122
641431
118621
135992
183968
826346
78562
854656
1568
960020
763485
870034
156885
273834
561074
11782
245670
939174
681518
962189
44253
678986
614761
106266
196361
104515
322382
375968
827536
926569
365915
249836
502257
794970
178421
255127
300838
361604
534210
248664
686990
434904
383339
450554
614682
232621
331716
349251
979105
572610
733507
369202
306408
529922
880496
455609
825791
59780
522807
853891
590875
832500
302222
965630
306617
273588
886045
446298
304501
711311
931067
961148
620941
814476
239871
858195
186380
370106
223281
320982
718183
744050
814732
427485
516542
916131
49813
453842
227854
368481
789687
621445
598495
61439
34230
295943
608185
946300
780572
512832
955997
455065
572631
922589
272483
667343
531091
234883
413537
762370
449397
19953
466740
986321
879782
819099
188790
708098
403922
255050
952217
380176
926968
102703
726880
597047
497390
965702
956685
920278
673724
41609
172077
164387
573563
640275
594880
635817
767769
763359
944533
81136
654061
914434
724407
457919
75348
671859
292047
582869
32136
343547
412183
488819
31656
696578
716102
379542
128402
155268
582497
49414
388269
860341
142927
92489
725991
773429
285161
94948
646902
81333
407032
996092
176515
620986
324005
230967
835613
428171
73448
19501
262220
739705
675641
439319
252793
860530
100537
362954
923927
429176
935235
432683
301968
708042
623429
840523
586517
232180
91004
32486
469127
304690
790605
17547
839022
220248
160606
369213
852117
237893
609567
202093
896079
128757
156619
887798
701785
425226
995368
592501
233229
860531
777901
841442
410927
311690
159483
299157
640348
745294
88438
328078
642065
29777
495254
24538
312249
614603
126824
422784
731786
92873
305666
9396
740562
305108
732551
96941
396601
967479
830142
285961
79805
496438
757312
753315
619625
816667
21066
187734
524835
901306
251969
420940
794967
249901
213730
193618
595195
565220
332958
804063
787051
790160
436395
992390
134142
857450
882255
949903
936874
912951
264303
939264
174169
139380
258595
816904
935493
851538
507804
161666
821191
565828
238297
550149
704142
68839
265084
791756
649788
913187
234686
452556
851028
982474
371599
88901
725617
372251
984801
497316
284087
174910
293071
327871
923089
153757
639162
451538
808760
548238
213087
680691
51086
982851
724830
389145
85646
111963
526050
191844
828516
473410
333580
652071
326275
902244
848402
963707
741381
939010
435594
791313
460314
578614
113758
347306
218213
991833
473672
324226
716493
514206
987528
187847
358308
638480
437680
275330
986161
117458
197366
885682
227103
512487
970901
819227
486642
271691
398389
459894
795188
188248
153687
413962
924567
45951
594714
213118
389005
195462
792601
166844
160605
39910
518736
746663
500716
716534
44389
685674
728589
16751
61839
163281
337470
259953
630006
89762
109371
61311
172677
714827
774326
337020
968908
236740
767847
929513
142400
876241
999308
278783
831617
322679
971490
209123
960000
137511
267596
118900
878258
626688
298356
50250
690301
500861
553184
931301
419854
447228
121924
485694
80103
797173
38318
449783
368189
5135
465184
184028
841630
744517
250446
382104
818032
278708
246535
873652
612544
726899
508769
372322
611309
131543
985984
693267
272857
995859
65906
936452
367525
807961
984088
890698
197196
359400
996306
584046
375349
438358
447186
218183
692571
802731
410833
8765
922636
366426
88901
685088
994166
371950
996031
670959
61268
284995
131246
346315
573432
895988
712533
310751
690132
521204
146405
285282
371894
843326
16935
535817
832202
987984
110202
16119
42421
201835
281731
966464
851011
397116
524601
30493
730408
450625
341481
131162
669343
79414
145981
495428
103098
741915
328463
804353
163576
389807
889297
991661
820039
739066
751638
412742
669469
424120
690302
824454
214909
666291
960400
289460
80477
637413
26003
460900
108013
951091
415933
379531
728030
304112
712770
94981
201719
989929
148807
730535
823358
649310
989688
564913
59625
503677
258009
623446
926320
994379
737190
304863
824683
698784
996058
848383
539645
288857
6477
858293
274908
239448
345122
694376
938787
38726
419508
513866
97338
554393
512527
910808
91012
581603
592699
86368
385290
347252
65521
348768
49287
308066
766120
748681
340149
221741
465596
586111
546176
919632
500541
507630
894148
490314
735225
464427
268665
659241
796245
496880
668268
913405
232059
455131
263713
222357
139575
966790
418837
66051
402260
226448
597260
165339
714712
765311
225791
462603
485470
725960
855006
784823
816754
7631
483265
5277
516302
57960
747526
753186
211891
253113
459675
969272
783868
200073
596424
39707
446054
144249
249517
577760
432918
462440
38729
378868
49373
66319
29559
176980
522516
87923
537328
758165
162962
515577
482819
180378
211908
436832
569465
303627
875845
431798
697022
697900
593349
130342
812125
445242
566527
844474
797568
831554
817987
30603
462609
653330
348100
644278
700406
881967
162448
487900
879705
283732
176321
166149
239459
839836
142029
690828
689813
171960
196881
161136
166264
822108
627966
881322
364619
72555
448386
493976
679979
806650
913704
10842
881071
985733
580961
83439
854121
444431
186518
171237
49473
855003
268598
828595
479823
83119
126154
746742
341306
421077
556269
422675
94375
639137
370913
903538
48096
551456
564963
938807
157686
824087
476692
417330
448191
575875
457336
433192
422746
359941
386954
191708
982708
809102
935403
528664
870559
637645
108656
769541
993000
231199
674399
184092
949227
588762
37474
698415
494350
570713
993095
710879
819485
733633
687064
756257
741616
324559
426077
542744
544713
299258
192838
320296
846352
644998
3761
447211
182988
973066
438798
515283
702297
963684
883146
320495
844962
956060
670914
670325
362794
430760
637103
706338
643431
725149
722406
984156
734159
585273
656403
738689
487219
970096
50714
131270
967657
669623
599965
323870
855875
286793
678091
497787
3403
412856
619566
387474
260820
870968
540225
659877
50867
70316
910553
831829
206978
968338
708668
666076
367888
357591
450473
362916
853687
304473
831138
488835
290209
265165
728681
309715
860726
73015
173823
710609
733359
990731
914221
404803
283867
711544
317213
497155
761659
291341
763409
603024
94261
671747
867758
661874
565057
42331
584056
866304
743276
145256
253010
266297
865230
132517
708348
889423
688392
333281
562732
750125
769142
776079
362526
52137
863219
74018
597191
226
49336
92670
277594
287019
247426
899459
640104
184099
327532
551950
560894
238586
583213
639218
613625
11360
295192
740526
692160
22584
279992
301927
806889
484246
724119
728857
250966
517041
145379
412666
287655
513874
718619
705052
618207
487471
914204
711733
125994
497116
862921
156335
28010
201691
234798
451193
579844
106912
797109
48035
510766
204414
452144
675041
906091
309758
846331
712792
672509
719803
573139
840359
161367
480092
973025
886485
20455
404612
981075
9811
78280
416861
804637
70086
29931
370903
231610
979306
757339
882194
383493
193136
51419
547630
566458
689517
621875
294126
475913
968928
252633
309027
308377
921774
426103
901869
670351
992008
44633
834606
90679
782670
739612
587421
378280
248597
120372
342877
479155
996479
754217
274517
590493
911457
201048
748002
432925
769447
802901
198543
777648
103883
908670
213795
96882
419870
599822
75432
911747
407801
590156
725588
636917
172676
550042
150023
635543
766169
518526
383949
93369
327874
88498
965705
28916
696088
365590
546377
218546
493573
872149
256031
756405
545589
750698
783313
789381
989220
106467
516226
639579
757153
885552
505128
702780
606621
163500
951169
384813
737339
220501
991271
136704
531039
169314
466693
712378
673098
749624
545789
585029
828938
202593
125723
76365
578136
676432
143846
243789
527244
101926
997007
173808
389038
578489
78114
922
373124
667060
96954
901964
813817
167251
422205
377563
183932
985476
659996
706674
581650
878839
311038
166854
689460
917186
107915
471682
599437
892604
950464
561783
978975
137683
444542
374669
281543
719083
102639
786937
524227
259145
248871
512127
955122
298615
345319
366523
63280
419391
75636
899006
281516
417103
82149
874531
375959
274620
868457
911402
384280
976999
774795
553552
851674
164884
29772
747457
595904
461837
197103
637430
924814
595928
951577
531358
696652
652907
533336
975358
206038
174722
843079
260256
822702
399796
224231
549603
812347
220367
951675
426473
339914
515162
245720
402597
91473
275677
795869
744237
842012
378381
989263
711126
339430
975471
241817
478479
39207
510785
252307
331516
47925
131045
811248
483458
795898
199447
472372
893586
689687
595861
340311
909206
991786
2920
841650
780398
472338
160623
110936
393690
531712
111353
888753
221525
539646
289376
577798
823288
739458
914878
5082
580208
170248
138519
290036
77552
281589
397206
209144
561184
700157
49682
768240
19533
349006
893033
306961
225390
200632
118204
521997
610697
874953
308170
827538
248132
210325
592018
499755
547933
209506
551037
607787
263060
391103
423157
162182
653602
589807
940357
97243
269252
616984
564910
311676
509210
308489
405221
24251
490977
63918
839173
13208
904958
280393
463424
755005
85439
999321
803942
263760
19229
588572
703853
665059
270991
480114
532541
222839
55299
649642
105659
388804
875128
468214
922768
948994
723182
669137
539747
454942
342781
392394
652800
379421
830469
208167
848937
896547
658501
248734
744512
133421
249146
150789
939182
500840
161556
801453
923579
924154
358856
839575
622151
260407
630653
474754
374628
261025
270540
68787
617919
903446
770013
644200
2197
419292
724379
896260
534744
700519
328711
381107
639794
921792
593268
307118
947494
496923
508353
580644
435541
194878
107726
710883
473064
536856
445104
155272
75587
589260
162405
39814
813403
218109
9148
673550
606242
199057
24089
455558
62109
611497
711786
465274
52249
37736
845423
857621
687375
810987
149471
470261
555757
810051
205295
24724
63891
924253
826154
368321
254604
827129
732435
948204
276504
934700
832717
751587
679597
893475
527860
509404
410390
403225
50698
154276
386584
168308
602583
346296
981166
632807
358114
745036
783340
275071
485596
398970
102712
969267
569728
488434
505390
249902
723379
499395
626059
804643
377506
641576
911221
91571
663229
876616
332859
749582
807688
440919
890652
859793
926056
934652
374409
470355
745049
197026
419743
387008
613707
423799
694295
670171
454186
274921
818017
782387
674115
743269
959797
745357
989179
472705
882666
718431
924517
295291
489902
915461
50503
547852
714331
916639
834945
450538
74151
324560
811574
382945
812885
820654
55895
449188
53652
664844
112767
917429
792802
118759
908633
730773
164871
462288
491795
300518
291856
509533
312512
590912
840777
798533
650644
50255
449937
132769
147537
550843
775311
120930
558884
616441
11781
659529
958533
26332
40389
270454
173732
326261
929034
2979
669743
616662
768810
229777
383271
243948
668308
134895
489305
25070
436872
156928
658157
556277
957673
998216
492321
760172
606900
984262
845512
874372
252144
117915
491802
210103
902697
8761
52651
700852
912036
939330
905286
955501
43348
813257
335645
976020
376972
645057
698363
512609
475310
90740
427869
367800
892571
827100
358650
967336
921686
96166
326882
560084
459084
473476
889634
339753
825997
204304
684460
393630
87014
805528
625164
594403
758214
38154
875455
179175
208500
273948
363159
799067
605478
727350
368517
529036
617206
570726
928047
904103
170871
91204
380765
828833
417550
335959
135637
396223
277313
887325
574238
387144
698469
857509
604643
632108
183051
402443
313435
539375
254781
765247
958575
12591
305007
856469
770597
592486
919140
648273
959539
447246
657988
703511
352920
674173
418536
27558
454489
813703
349444
260287
588630
717491
174414
521887
182153
765551
600627
816341
8046
728383
936254
543769
381766
528765
500821
67037
388566
928609
197442
936752
502724
356258
190657
760880
956214
399148
423167
838305
70111
856190
956
201324
155654
229476
608559
783639
387435
666419
726774
845557
472980
867500
821945
597085
838855
964394
139725
401199
588756
371491
640761
644730
358418
311511
323942
336139
448993
504977
331516
38869
362117
358904
257619
829437
436217
845560
899040
153834
821945
680704
328974
480005
843798
435030
605039
209804
429018
468987
157398
682386
671810
123925
631282
586731
820859
625202
181999
115083
142142
800197
469725
784945
657490
689686
562203
451898
273808
736119
234798
368155
675043
65413
681759
429485
255374
283599
164667
941317
740818
199235
176630
265823
845628
318777
762388
240477
262693
563709
965972
670082
307513
133140
414175
970596
987255
8431
995705
317099
886444
753016
743091
719520
898250
102723
351668
83415
360408
750693
122486
547662
823666
524332
794998
281239
217661
913854
78382
706816
10896
632149
588744
199675
598625
863146
182391
477878
539972
572217
634732
757916
400356
64960
159999
807638
757062
827542
987423
943536
931589
441326
375149
816148
707628
912179
27157
297432
957303
40641
384218
219899
92416
417181
929185
546159
569206
148196
682788
620056
568908
381395
292307
539647
226806
429399
22602
559583
21504
697356
334345
150690
486341
976405
266697
392696
724707
535008
267990
820332
12829
652990
767539
435669
775175
651252
51569
880530
925671
545903
784106
541432
309227
107444
408564
846771
619682
931979
667358
750072
407439
102240
896691
449527
672322
271043
672495
868405
978290
703155
627652
32770
66167
41326
586590
968518
651537
175284
911420
127147
683067
52031
537771
7030
8088
447278
489070
842664
689741
781776
638498
231144
461667
875599
392097
106769
347934
853789
434812
737230
28457
432032
827326
150232
171995
121039
218059
60502
404030
901618
605452
466312
601584
588509
677388
885732
646941
202722
696450
278
245470
271862
704920
167524
463275
504373
910216
830306
958404
746928
941812
457681
142865
473805
939946
349672
466535
95006
458704
309613
240573
476568
95444
910472
186201
100224
960725
956338
502394
955494
516778
287022
79156
622937
630763
383823
116745
257021
616267
217325
494372
288984
629199
757029
380449
180230
293463
200095
917306
447528
217169
15304
549599
162495
970746
896153
513994
63606
367616
966594
473389
181083
698985
29841
194242
87901
375924
862471
862211
587323
757532
480794
232651
797824
419628
874276
251156
606974
503482
549417
621926
395284
581026
547205
524002
715284
221489
395221
330668
425064
330817
928057
647584
974320
783309
370783
562137
791371
864624
18086
921579
618067
753488
752909
369919
647517
31324
891939
359776
691233
940632
658693
312621
278239
695873
907097
326177
174442
870256
213810
359141
882627
940035
844620
726043
141203
508944
43268
84426
316223
652225
701462
948711
796401
634999
607355
317532
569743
98994
128020
775346
258387
290606
476188
67749
979786
246677
680661
197341
893726
187272
680461
360472
340838
169663
160123
889682
998234
273664
726976
458456
953496
704087
265803
407361
344366
479525
23079
306766
527492
413769
559012
597954
613195
395338
992296
63647
898281
143705
279859
579930
353748
524634
202383
743841
182110
424291
816926
526738
765995
792145
315346
164290
124686
700186
158488
43737
848186
114137
500069
38071
693164
530725
753104
495293
831563
349674
93076
958804
239246
137461
397148
749836
301628
30865
640105
176563
6528
797273
407553
613039
808351
198634
952860
23902
374655
452804
818323
239138
112975
162363
358233
58355
644732
456856
350370
892874
400499
859133
948653
899590
65665
577708
124516
144416
703475
267233
853222
176006
165571
913385
426260
628061
912789
767943
338370
461342
301066
863397
783007
962024
113948
932135
174898
926488
47924
665889
561174
60484
881313
761422
892180
11869
422701
469318
651791
510425
355907
984411
484893
30419
657475
264253
126809
803004
59594
75050
308775
691629
992691
132233
31941
933357
845068
712512
674642
973573
274848
118189
991431
230605
327810
43298
457094
329758
242954
594835
991129
418929
735728
161544
842898
829402
988871
974848
682428
955821
675845
702264
698647
611138
911098
995019
609204
423259
789320
476655
543838
196219
513462
731439
780536
794007
313620
584342
894416
773082
729800
645416
370285
940502
221107
336729
266451
394522
723118
513553
518813
18615
476196
463824
409127
747877
578140
134833
443229
775365
225559
843054
273585
191620
258697
690544
335859
727521
764128
113353
286668
191024
312692
959885
182776
307278
306679
552758
368427
688243
394898
106882
327019
56264
874821
110650
667488
786360
332025
895105
911600
98220
96079
618113
216246
825808
876632
285831
981369
877237
664134
85845
962975
986568
425304
859993
532139
874821
272996
743203
895903
199610
863356
313678
711015
719585
680579
278820
198590
537956
687000
465977
684695
297275
707312
444731
238852
191875
979665
356120
286967
391782
700532
86248
526753
429386
79518
166459
213895
163480
956502
40392
926636
858410
790024
640849
700011
170197
881500
705251
262740
890046
929761
86062
83068
259975
526910
232162
768781
221146
112800
244030
618334
413271
31013
938363
224665
302741
103565
356671
615331
7342
576088
303744
768339
797679
354644
14271
593642
77594
87492
48853
297214
2952
409023
286146
364599
76974
425993
958087
375666
156949
281408
848405
649522
285075
859860
280135
578393
436660
940720
857802
891151
769947
909077
94588
204521
367515
187851
186276
251668
64515
456808
15970
999324
181853
391442
302575
920524
987682
760193
841345
241862
710888
447114
997989
961938
333092
939137
171154
688711
988525
480895
985041
643008
821916
194880
309417
787089
422430
638561
532191
916077
37104
466724
366120
964164
74739
375758
416177
907945
844939
80417
918055
466608
851823
408668
677880
165287
229541
885036
829086
676820
761292
868200
225015
39168
70338
74817
350403
388411
820865
914277
635104
533413
188309
518517
940752
260992
98433
727815
176268
790244
572620
583822
572292
384434
622786
319172
266985
208304
292254
64851
242761
848340
558074
730281
18274
994089
881290
920227
13705
786398
94116
943505
835680
931963
480723
216705
663491
679111
854802
775486
883496
304615
754705
76251
370862
468330
967934
543733
302713
567809
965983
533841
754427
1197
691750
131726
937738
708071
365255
820876
744213
515080
563513
758171
121396
856053
331005
235862
654131
687421
373903
849433
82125
88530
562580
578606
345885
457608
320511
407480
195343
258031
332386
284823
719807
773640
410469
744523
172066
569527
5789
440484
330728
53650
266437
198974
389124
120101
341492
896326
323162
360825
831678
84585
195837
735799
881650
415877
213425
792579
873520
344348
915214
353812
135080
414529
607161
991116
333476
91847
829628
783698
139238
973953
445310
891327
858710
3185
922202
330357
433059
883427
232873
416333
509041
774488
425419
916678
386650
462108
124992
238339
979307
366707
365725
439273
980015
857984
84042
883572
357676
438989
542997
628005
641332
714932
994336
416162
507415
347018
51930
165707
32080
287522
900986
755335
446686
539934
503744
160063
968452
665309
971338
608115
441777
163317
445860
822276
942795
894081
435337
728130
165910
794423
92834
771870
627487
681273
248592
90432
983005
400721
291584
425409
904742
81614
366399
233662
991836
586178
650076
621017
483814
580878
339564
470486
571161
614746
263403
16369
722732
870010
552000
437241
801351
806506
17152
240355
102613
719250
187610
118458
450051
40474
169819
431301
315340
833182
174889
293178
207224
172320
508698
356143
213899
720362
89752
219561
693953
235597
810043
76200
52537
758754
138049
201235
900375
625251
32720
205704
751744
791648
51748
308855
663695
825322
35826
98397
994221
963212
634544
114592
985241
139601
966754
55101
956184
819187
70041
63318
730520
862471
545962
783204
793271
902652
483216
240185
228382
885269
936428
802105
440980
463906
880658
821184
687788
161670
987172
859002
281436
332190
701091
328000
86999
996769
737034
471545
403445
692346
20277
439478
594783
767480
285148
489871
119641
479827
628757
206128
714663
16316
780662
225383
287015
735441
313130
264094
238466
904977
853448
827916
84699
387328
884177
390213
973459
52685
11552
753979
282540
865760
763605
629407
144984
24331
784649
817670
44709
170741
692613
506263
677927
577261
685004
652310
455265
523779
591343
97341
969155
354942
940011
835214
459584
591138
788578
419092
32185
221257
697857
135685
355134
819283
667604
683946
109042
270283
232435
111064
725877
266232
310539
65093
611605
684301
832107
100464
266773
174782
245724
301989
372824
573360
982824
855765
316385
253635
16971
857036
347238
783275
484707
830894
211620
227829
697076
800903
257272
844917
990216
180752
469200
275134
136916
588217
194354
931441
269101
364986
398552
301164
823276
887272
977411
134355
345915
455784
270006
983526
802168
822739
572223
74491
776837
727241
421991
493760
100566
995494
647495
202186
551655
197078
354816
864715
152981
297273
40059
939915
939894
636079
428511
325962
740204
262068
960320
285146
756402
235868
495420
222701
376185
913601
131096
293392
624944
966556
955326
653977
923144
278351
903927
424959
876273
813703
329073
53680
980865
529645
139678
262731
521783
815705
265740
808721
466622
70732
667891
486513
450772
727648
228245
47256
164705
352732
226901
703369
97088
85518
327422
641472
769527
526484
191322
174373
909782
287144
712296
111115
670953
690379
288483
399959
947025
100653
955868
206342
21574
671515
329319
905664
367004
590442
110120
767284
33138
289658
432931
347827
276656
832342
825495
898508
796393
212507
964227
327554
366243
222946
46733
524747
51331
772321
95762
72642
520802
263064
632620
522988
251715
663995
424458
150621
717730
952954
984287
814123
568573
339823
324120
549557
673413
327023
477248
298998
718617
760449
918030
121450
198599
714412
681840
428415
9880
868931
74650
939933
676306
328040
620870
879920
461342
834534
312638
886885
182122
284214
550336
534626
532657
149053
115233
540235
894350
264866
981015
918073
794242
236071
750806
304345
899436
737887
997512
347925
24678
490378
442037
930065
630752
60397
40196
52671
469245
234657
405352
821881
572789
437319
979010
169451
508325
484256
812010
362927
612319
665071
149372
101503
563487
587125
570221
671984
92800
969363
253423
611429
805472
757136
358901
456478
166950
511262
626859
558946
924112
379495
434251
113556
340889
882970
289409
985112
427062
124290
590752
68598
16314
994848
227207
266379
59321
77079
844545
762565
31221
592335
943303
726328
797421
378672
328836
760280
253171
29123
876545
18887
478094
775914
186874
724632
441683
283245
992543
125179
774479
440676
476625
529864
328209
936226
429190
16043
54168
843240
648746
594376
57552
87456
864975
990247
337193
539915
908136
118271
908822
364167
26794
633447
32693
696022
839907
70510
357461
849075
685387
883122
499088
207826
549619
262181
507106
144140
785078
744521
727202
736626
919376
498281
517069
65192
92132
301498
829923
839623
279429
218185
236445
373705
979030
188263
161017
614112
943467
977929
247725
775978
589131
668527
565883
784109
711156
562800
800239
366880
690915
586348
566734
542525
917
517819
311778
709131
515082
899716
931883
36425
875670
663214
860360
264738
971754
873512
761117
957280
506976
271710
703744
740719
752891
32685
335404
83128
89585
664461
966410
327050
779653
312898
410533
25171
699036
692867
62762
433177
174694
458089
642814
99120
74785
298736
219599
994621
221383
225797
668479
440326
457493
255204
4532
479059
319635
840781
246633
504113
862430
997757
618749
672205
715318
358417
393155
572338
493431
239336
219537
802820
563998
947611
103521
481452
387356
564462
367603
20634
57310
965739
441663
972188
715791
578231
176532
146081
978693
206875
572648
566344
898735
834947
170754
864789
752154
44652
988880
693663
47135
772370
231480
113243
64073
62527
549566
995045
286089
897157
407639
996569
58950
618967
494877
790673
675048
503456
668602
672675
434011
197757
18882
322150
740792
797479
676710
327907
742775
331370
886445
397599
390670
554910
79902
637986
515361
63557
949248
254466
638719
995484
710132
504649
962171
395251
457616
181211
494561
80326
69918
312102
462992
588024
348641
239038
620850
500769
786671
505293
15865
691012
810140
191368
49258
386035
195622
341188
900281
500995
940985
801494
146666
870216
64443
692107
56329
688252
59442
783010
738940
133513
456690
524028
522119
437661
867753
496904
497134
696593
400023
382859
253956
706852
153884
303350
463013
333572
468500
350889
331969
119602
922919
138836
53898
555425
434054
203978
379273
264900
596454
389085
327125
960530
841098
47991
10629
762594
169746
313744
166894
65014
457022
730157
449065
409106
883154
61621
969881
276960
321053
301590
637875
49030
402226
661500
481317
537471
918990
698345
416173
892018
517929
309676
569581
692526
32616
558100
819145
639987
125718
486172
477248
590553
999163
153105
332442
65056
518539
739559
104933
244066
314398
149449
875620
628529
322258
857756
346722
860505
849822
700074
165613
658909
236265
308873
235091
622918
237331
109159
56155
183113
575675
864408
45303
817286
374943
982312
696023
509839
881403
433655
209011
891906
288960
696958
27665
107335
758557
499624
246204
827367
19868
783456
952436
25118
568990
182715
437990
966196
416896
445062
312715
352936
801403